0 0.40625 0.225 0.39375 0.2390625 0.4 0.246875 0.4859375 0.240625 0.4625 0.221875 0.421875 0.21875 0.40625 0.225
0 0.278125 0.334375 0.2625 0.3453125 0.275 0.3609375 0.3 0.3625 0.346875 0.34375 0.340625 0.3328125 0.33125 0.3328125 0.278125 0.334375
0 0.6046875 0.703125 0.61875 0.7265625 0.6328125 0.7359375 0.65625 0.734375 0.6578125 0.7015625 0.6359375 0.684375 0.6109375 0.678125 0.6046875 0.703125
0 0.753125 0.26875 0.7703125 0.29375 0.79375 0.3015625 0.8359375 0.2984375 0.8359375 0.2765625 0.83125 0.2734375 0.8078125 0.2625 0.778125 0.2625 0.753125 0.26875
0 0.321875 0.590625 0.3203125 0.5984375 0.3328125 0.6171875 0.3296875 0.6265625 0.278125 0.65 0.2765625 0.6625 0.2859375 0.678125 0.3453125 0.671875 0.36875 0.65625 0.378125 0.6328125 0.378125 0.6015625 0.3703125 0.5765625 0.35625 0.5765625 0.321875 0.590625
0 0.48125 0.853125 0.4484375 0.928125 0.44375 0.9546875 0.4515625 0.9640625 0.4671875 0.9625 0.48125 0.9421875 0.53125 0.91875 0.553125 0.890625 0.5515625 0.8765625 0.5375 0.8625 0.5109375 0.8453125 0.49375 0.84375 0.48125 0.853125
0 0.540625 0.5109375 0.525 0.5265625 0.5078125 0.565625 0.5359375 0.5953125 0.578125 0.6 0.6265625 0.58125 0.6703125 0.5953125 0.6984375 0.5890625 0.690625 0.5671875 0.6671875 0.546875 0.590625 0.503125 0.5265625 0.4796875 0.540625 0.5109375
0 0.0984375 0.5296875 0.053125 0.5375 0.0078125 0.571875 0.0046875 0.60625 0.0125 0.659375 0.06875 0.65625 0.15 0.59375 0.21875 0.5984375 0.2390625 0.590625 0.2390625 0.5703125 0.221875 0.5453125 0.171875 0.5265625 0.14375 0.5078125 0.0984375 0.5296875
0 0.18125 0.39375 0.1765625 0.4015625 0.20625 0.4140625 0.24375 0.471875 0.265625 0.484375 0.3609375 0.4875 0.39375 0.471875 0.421875 0.4453125 0.4625 0.4375 0.4734375 0.415625 0.471875 0.4 0.4546875 0.39375 0.4171875 0.396875 0.3796875 0.3859375 0.3453125 0.3875 0.25 0.3765625 0.18125 0.39375
0 0.997669071875 0.328125 0.987256465625 0.278645834375 0.96122495625 0.265625 0.9117650906250001 0.25 0.867511525 0.268229165625 0.872717828125 0.286458334375 0.909161940625 0.286458334375 0.9377966000000001 0.299479165625 0.9748942062499999 0.315104165625 0.997669071875 0.328125
0 0.9898596187500001 0.252604165625 0.984653315625 0.140625 0.95341550625 0.12239583437499998 0.8987493343749999 0.11458333437499998 0.844083165625 0.10677083437499998 0.789416996875 0.098958334375 0.7425602812500001 0.11979166562500002 0.77640124375 0.13541666562500002 0.85449576875 0.16145833437499998 0.867511525 0.18489583437499998 0.9045817062499999 0.213541665625 0.9898596187500001 0.252604165625
0 0.552530265625 0.0625 0.56814916875 0.044270834375 0.557736565625 0.033854165625 0.5238956031249999 0.0078125 0.464023134375 0 0.38592860625 0.010416665625 0.440594775 0.028645834375000002 0.43278532187499996 0.033854165625 0.38853175625 0.033854165625 0.32865928437499997 0.036458334375 0.346881340625 0.065104165625 0.3703097 0.080729165625 0.4067538125 0.072916665625 0.453610528125 0.067708334375 0.5035400375 0.059895834375 0.552530265625 0.0625