0 0.47043256875 0.6559484656250001 0.46119362812500003 0.6374484875 0.41822114062500004 0.601436590625 0.371112171875 0.59154145 0.33072781562500003 0.631387596875 0.30197874687500004 0.6438708625 0.302096728125 0.6584924125 0.324077 0.688745659375 0.34868958125 0.702379153125 0.451416471875 0.699179009375 0.47043256875 0.6559484656250001
0 0.751840284375 0.7078205 0.733856425 0.68306784375 0.70362526875 0.658809215625 0.675510303125 0.6519224312499999 0.659384575 0.6615374187499999 0.5680349125 0.654370484375 0.555153509375 0.6742345624999999 0.579884075 0.70248960625 0.6231146187500001 0.721505703125 0.745823571875 0.7458085125 0.751840284375 0.7078205
0 0.48373419687499997 0.5412323375 0.450236628125 0.552963515625 0.440223503125 0.5854509375 0.45696124375 0.6027047999999999 0.5265666062500001 0.608861584375 0.533571371875 0.595368165625 0.525460565625 0.5697454375000001 0.48373419687499997 0.5412323375
0 0.7131077125 0.9523683343749999 0.6914137499999999 0.815072775 0.6410752093750001 0.79493088125 0.6165597 0.839724215625 0.581076825 0.851140953125 0.56141371875 0.9113056937499999 0.576389221875 0.9550523562500001 0.643362271875 0.977828896875 0.7084771937500001 0.9662377937500001 0.7131077125 0.9523683343749999
0 0.593583840625 0.539160328125 0.594571896875 0.563654925 0.632183865625 0.572045884375 0.645183253125 0.56680335625 0.6374484875 0.538806371875 0.6069592687500001 0.5315435468749999 0.593583840625 0.539160328125
0 0.360575396875 0.41220443125 0.339819153125 0.43568888125000005 0.39717721875 0.44233969375 0.40855444375000005 0.43197261875 0.40881250312499995 0.41497681875000003 0.388572378125 0.40446966562500003 0.360575396875 0.41220443125
0 0.12239822812500001 0.379348496875 0.09865571875 0.37558805 0.011843540625 0.401296375 0.015448418750000002 0.42500528437499996 0.0442797625 0.42220964375000003 0.09451923125 0.40170480937499997 0.108388690625 0.40633532812500006 0.1215529375 0.39237950625 0.12239822812500001 0.379348496875
0 0.620518959375 0.39983161875 0.6687560625 0.40260400625 0.65989316875 0.38172977812500003 0.617532696875 0.37258672812500004 0.60728360625 0.37583105 0.620518959375 0.39983161875
0 0.7115146718750001 0.363133903125 0.7446361968749999 0.35377697812500003 0.728274503125 0.334148865625 0.6716685250000001 0.32274955 0.6436715468750001 0.330484315625 0.7115146718750001 0.363133903125
0 0.75322033125 0.493477515625 0.763426615625 0.48878368125 0.755829165625 0.46750504687500005 0.717981321875 0.463706528125 0.72157950625 0.483984728125 0.75322033125 0.493477515625
0 0.679617171875 0.42622852812499995 0.698611175 0.429236884375 0.6989872218750001 0.42686263125 0.703735725 0.42761472187500005 0.70411176875 0.42524046875000004 0.7064860187499999 0.42561651562499997 0.707990196875 0.4161195125 0.698869234375 0.41224108125000003 0.69924528125 0.409866834375 0.689748278125 0.40836265625 0.6901243218750001 0.405988403125 0.67587881875 0.40373213750000003 0.675502775 0.40610639062500004 0.673128521875 0.405730346875 0.6712483 0.417601596875 0.675620759375 0.4207279375 0.675244715625 0.423102190625 0.6799932156249999 0.423854278125 0.679617171875 0.42622852812499995
0 0.53132966875 0.31755873125 0.53607816875 0.31831082187500004 0.535702125 0.320685071875 0.5641931375 0.32519760625 0.56456918125 0.322823353125 0.571691934375 0.32395148749999997 0.5713158875000001 0.3263257375 0.573690140625 0.32670178125 0.574066184375 0.32432753124999997 0.5811889375 0.325455665625 0.584315275 0.32108320625000003 0.591438028125 0.32221133750000003 0.591814071875 0.3198370875 0.596562575 0.320589175 0.5973146625 0.315840675 0.5949404125 0.31546463125 0.59531645625 0.31309038125 0.588193703125 0.31196224687499996 0.588569746875 0.30958799375 0.576698496875 0.307707775 0.577074540625 0.305333525 0.550957778125 0.30119703750000004 0.550581734375 0.303571284375 0.5434589843750001 0.302443153125 0.54033264375 0.30681560937499996 0.53558414375 0.30606352187499997 0.535208096875 0.30843777499999997 0.532833846875 0.308061728125 0.53132966875 0.31755873125
0 0.597336753125 0.26960177500000004 0.60208525625 0.270353865625 0.6017092125 0.272728115625 0.613580465625 0.2746083375 0.613956509375 0.2722340875 0.63532476875 0.2756184875 0.63845110625 0.27124603125 0.6408253562499999 0.271622075 0.6412014 0.269247825 0.643575653125 0.26962386875 0.643951696875 0.267249615625 0.64632595 0.267625659375 0.647830125 0.25812865937499996 0.6050936124999999 0.251359859375 0.604717565625 0.25373410937499996 0.5999690625 0.25298202187499996 0.59959301875 0.255356271875 0.59721876875 0.254980228125 0.595338546875 0.266851484375 0.597712796875 0.267227528125 0.597336753125 0.26960177500000004