0 0.4390625 0.356190475 0.43125 0.371428571875 0.4375 0.38095238125 0.4703125 0.38285714375 0.4859375 0.37523809375 0.4859375 0.363809525 0.475 0.3580952375 0.4390625 0.356190475
0 0.6515625 0.2819047625 0.6453125 0.291428571875 0.7015625 0.29714285625 0.7265625 0.2819047625 0.7234375 0.276190475 0.684375 0.274285715625 0.6515625 0.2819047625
0 0.6890625 0.205714284375 0.678125 0.21714285625000002 0.6921875 0.22666666562499999 0.74375 0.22666666562499999 0.7515625 0.21904761874999998 0.75 0.21142857187500003 0.7390625 0.20761904687500002 0.6890625 0.205714284375
0 0.5078125 0.312380953125 0.503125 0.32952380937500003 0.5296875 0.33523809375 0.5671875 0.32380952500000004 0.5640625 0.308571428125 0.53125 0.306666665625 0.5078125 0.312380953125
0 0.61875 0.251428571875 0.6109375 0.26666666562499997 0.6375 0.272380953125 0.6828125 0.25714285625 0.6796875 0.243809525 0.65625 0.243809525 0.61875 0.251428571875
0 0.3609375 0.325714284375 0.3609375 0.350476190625 0.415625 0.34666666562500004 0.43125 0.33523809375 0.4296875 0.32380952500000004 0.36875 0.3219047625 0.3609375 0.325714284375
0 0.434375 0.39809523750000003 0.396875 0.411428571875 0.39375 0.428571428125 0.4375 0.432380953125 0.4796875 0.41904761874999996 0.478125 0.405714284375 0.4703125 0.4 0.434375 0.39809523750000003
0 0.86875 0.312380953125 0.853125 0.306666665625 0.740625 0.30476190625 0.7125 0.306666665625 0.7109375 0.31428571562499996 0.7296875 0.325714284375 0.7671875 0.33142857187499997 0.8671875 0.32952380937500003 0.8734375 0.3219047625 0.86875 0.312380953125
0 0.6953125 0.33523809375 0.68125 0.33523809375 0.571875 0.34666666562500004 0.553125 0.3619047625 0.553125 0.371428571875 0.5796875 0.37904761875 0.6296875 0.37714285625 0.7015625 0.34666666562500004 0.6953125 0.33523809375
0 0.8234375 0.38095238125 0.73125 0.373333334375 0.678125 0.38476190625 0.6765625 0.39809523750000003 0.7046875 0.411428571875 0.7765625 0.413333334375 0.8390625 0.39809523750000003 0.834375 0.38476190625 0.8234375 0.38095238125
0 0.7515625 0.50476190625 0.7515625 0.49142857187500005 0.7359375 0.48 0.6734375 0.46095238125 0.6390625 0.46095238125 0.575 0.4819047625 0.56875 0.49523809375 0.571875 0.514285715625 0.6171875 0.531428571875 0.7015625 0.529523809375 0.725 0.523809525 0.7515625 0.50476190625
0 0.625 0.8780952375 0.6390625 0.8895238093750001 0.7078125 0.90095238125 0.7359375 0.8933333343750001 0.7609375 0.86476190625 0.765625 0.830476190625 0.753125 0.8019047625000001 0.7140625 0.78095238125 0.68125 0.7790476187500001 0.665625 0.7676190468749999 0.628125 0.7619047625 0.5890625 0.773333334375 0.56875 0.7980952375 0.5609375 0.82476190625 0.559375 0.872380953125 0.5640625 0.8780952375 0.6078125 0.883809525 0.625 0.8780952375
0 0.42229270625000004 0.3846414375 0.45413150625 0.3907083375 0.48497534375000007 0.38585481875 0.48907490937500003 0.3846414375 0.49293504375 0.3688675 0.48199045625 0.36280060000000003 0.47602068124999997 0.35794708124999997 0.44020203125 0.349453421875 0.41930781875 0.3506668 0.388463984375 0.36280060000000003 0.39642368437500003 0.37978791875 0.42229270625000004 0.3846414375