0 0.2259615375 0.75 0.197115384375 0.764423078125 0.125 0.8341346156249999 0.10817307812500002 0.9615384625000001 0.12259615312500001 0.9735576937499999 0.185096153125 0.9783653843750001 0.358173078125 0.9783653843750001 0.391826921875 0.966346153125 0.48798076874999996 0.889423078125 0.509615384375 0.8485576937499999 0.5072115375 0.795673078125 0.490384615625 0.76201923125 0.46394230625 0.740384615625 0.43269230625 0.73076923125 0.36778846249999997 0.7259615375 0.2259615375 0.75
0 0.560096153125 0.5625 0.53605769375 0.59855769375 0.54326923125 0.6490384625 0.6009615375 0.709134615625 0.641826921875 0.72355769375 0.697115384375 0.72355769375 0.78605769375 0.66105769375 0.795673078125 0.6322115375 0.79326923125 0.576923078125 0.735576921875 0.548076921875 0.627403846875 0.54326923125 0.560096153125 0.5625
0 0.858173078125 0.764423078125 0.86298076875 0.8076923062500001 0.91826923125 0.8341346156249999 0.9615384625000001 0.841346153125 0.9783653843750001 0.8125 0.9783653843750001 0.77644230625 0.96875 0.778846153125 0.9278846156249999 0.740384615625 0.9158653843750001 0.740384615625 0.858173078125 0.764423078125
0 0.10817307812500002 0.334134615625 0.10817307812500002 0.353365384375 0.185096153125 0.377403846875 0.19230769375 0.40144230625 0.1802884625 0.41826923125000004 0.1802884625 0.44951923125000004 0.20673076875000002 0.49519230625 0.298076921875 0.51201923125 0.35576923125 0.51201923125 0.40144230625 0.49759615312500005 0.454326921875 0.50480769375 0.485576921875 0.485576921875 0.5240384625 0.43509615312500005 0.521634615625 0.41105769375 0.46634615312500005 0.39423076875 0.28846153750000003 0.37980769375 0.278846153125 0.35576923125 0.22355769374999998 0.353365384375 0.21875 0.34375 0.22836538437499998 0.322115384375 0.18269230625 0.314903846875 0.10817307812500002 0.334134615625
0 0.533653846875 0.341346153125 0.51923076875 0.358173078125 0.533653846875 0.358173078125 0.552884615625 0.375 0.625 0.372596153125 0.62980769375 0.39903846249999997 0.670673078125 0.423076921875 0.716346153125 0.420673078125 0.740384615625 0.40384615312500005 0.74519230625 0.384615384375 0.735576921875 0.37980769375 0.653846153125 0.372596153125 0.641826921875 0.33894230625 0.5865384625 0.33173076875 0.533653846875 0.341346153125
0 0.83173076875 0.44230769375 0.83173076875 0.478365384375 0.875 0.509615384375 0.8966346156249999 0.516826921875 0.92548076875 0.51201923125 0.9447115374999999 0.48076923125000004 0.9423076937499999 0.44230769375 0.9158653843750001 0.427884615625 0.8653846156249999 0.427884615625 0.83173076875 0.44230769375
0 0.954326921875 0.533653846875 0.954326921875 0.57451923125 0.9783653843750001 0.576923078125 0.997596153125 0.59375 1 0.52644230625 0.966346153125 0.521634615625 0.954326921875 0.533653846875
0 0.423076921875 0.27403846249999997 0.41105769375 0.302884615625 0.454326921875 0.322115384375 0.5072115375 0.322115384375 0.596153846875 0.29326923125 0.591346153125 0.25721153750000003 0.540865384375 0.25480769375 0.423076921875 0.27403846249999997
0 0.19951923124999998 0.197115384375 0.1802884625 0.22355769374999998 0.146634615625 0.23557692187499998 0.16105769375 0.25 0.21394230625000002 0.252403846875 0.252403846875 0.23076923124999998 0.314903846875 0.216346153125 0.326923078125 0.20432692187499998 0.31971153750000003 0.189903846875 0.259615384375 0.189903846875 0.19951923124999998 0.197115384375
0 0.23798076875000002 0.278846153125 0.24519230625000002 0.29326923125 0.27644230625 0.295673078125 0.314903846875 0.28125 0.30769230625 0.266826921875 0.266826921875 0.264423078125 0.23798076875000002 0.278846153125
0 0.30528846249999997 0.341346153125 0.3125 0.358173078125 0.346153846875 0.36298076875 0.37980769375 0.35096153750000003 0.37980769375 0.329326921875 0.341346153125 0.32451923125 0.30528846249999997 0.341346153125
0 0.38221153750000003 0.21394230625000002 0.39423076875 0.23557692187499998 0.43028846249999997 0.23557692187499998 0.47355769375 0.216346153125 0.46153846249999997 0.197115384375 0.40625 0.197115384375 0.38221153750000003 0.21394230625000002
0 0.46634615312500005 0.1802884625 0.46153846249999997 0.19230769375 0.509615384375 0.197115384375 0.533653846875 0.18269230625 0.48798076874999996 0.17548076875000002 0.46634615312500005 0.1802884625
0 0.9375 1 0.891826921875 0.9639423062500001 0.7572115375 0.9471153843750001 0.6875 0.9591346156249999 0.67548076875 0.9783653843750001 0.67548076875 1 0.9375 1
0 0.26201923125 0.14182692187499998 0.247596153125 0.15144230625 0.247596153125 0.1634615375 0.25480769375 0.17307692187499998 0.30528846249999997 0.1802884625 0.43269230625 0.17307692187499998 0.485576921875 0.15625 0.47596153750000003 0.13701923124999998 0.36778846249999997 0.1322115375 0.26201923125 0.14182692187499998
0 0.58173076875 0.1875 0.579326921875 0.19951923124999998 0.65625 0.2259615375 0.728365384375 0.20673076875000002 0.721153846875 0.1875 0.701923078125 0.18269230625 0.603365384375 0.18269230625 0.58173076875 0.1875
0 0.673076921875 0.290865384375 0.67548076875 0.30528846249999997 0.69951923125 0.314903846875 0.7259615375 0.3125 0.733173078125 0.28605769375 0.69230769375 0.283653846875 0.673076921875 0.290865384375
0 0.5625 0.10576923125 0.5552884625 0.12259615312500001 0.603365384375 0.13701923124999998 0.665865384375 0.12980769375 0.673076921875 0.1177884625 0.66826923125 0.1009615375 0.58894230625 0.096153846875 0.5625 0.10576923125
0 0.67548076875 0.1322115375 0.673076921875 0.146634615625 0.71394230625 0.158653846875 0.709134615625 0.17067307812500002 0.716346153125 0.17548076875000002 0.747596153125 0.17307692187499998 0.764423078125 0.146634615625 0.75480769375 0.12980769375 0.697115384375 0.12980769375 0.67548076875 0.1322115375
0 0.6875 0.064903846875 0.689903846875 0.07211538437500001 0.733173078125 0.076923078125 0.764423078125 0.09375 0.764423078125 0.1009615375 0.735576921875 0.10336538437500001 0.733173078125 0.11057692187499998 0.783653846875 0.127403846875 0.8173076937499999 0.12019230624999999 0.80048076875 0.10336538437500001 0.8197115374999999 0.09375 0.826923078125 0.076923078125 0.76923076875 0.076923078125 0.74519230625 0.0625 0.69951923125 0.060096153124999996 0.6875 0.064903846875
0 0 0.7115384625 0.021634615625 0.709134615625 0.0384615375 0.685096153125 0.03605769375 0.6634615375 0.028846153125000003 0.646634615625 0 0.627403846875 0 0.7115384625
0 0.009615384375 0.40144230625 0.01201923125 0.423076921875 0.07211538437500001 0.40625 0.064903846875 0.391826921875 0.01923076875 0.38701923125 0.009615384375 0.40144230625