0 0.55964004375 0.73436515 0.5569636375 0.715321534375 0.5305213125 0.682625709375 0.44144093125 0.68786273125 0.355706059375 0.71690426875 0.337292946875 0.741339296875 0.34402255625 0.7719506218750001 0.37221483437499997 0.782553278125 0.42525388125 0.7799540656249999 0.519468315625 0.75943068125 0.55964004375 0.73436515
0 0.09747201250000001 0.6585253625 0.023973953125 0.688274603125 0.02962271875 0.7457400062499999 0.10512808437500001 0.730273475 0.160624778125 0.693344284375 0.17665743750000001 0.6692438093749999 0.167508778125 0.65596475 0.09747201250000001 0.6585253625
0 0.14486229687500002 0.59846075 0.1040214625 0.618765378125 0.096506959375 0.63438629375 0.1546414625 0.6334984312499999 0.19243274375 0.608767453125 0.191094540625 0.59924564375 0.175808175 0.5941115906250001 0.14486229687500002 0.59846075
0 0.1963057875 0.549963846875 0.14798904375 0.5688916749999999 0.1353790875 0.582801240625 0.137051840625 0.5947034999999999 0.20575040000000003 0.582621075 0.238780775 0.5585592 0.227586215625 0.547995140625 0.1963057875 0.549963846875
0 0.392648075 0.617041075 0.40142358749999996 0.6449374 0.45684308749999997 0.642003634375 0.50077206875 0.60912765 0.47838294687499994 0.587999534375 0.425678446875 0.592979196875 0.392648075 0.617041075
0 0.7492141250000001 0.787828765625 0.733258659375 0.77793380625 0.685315065625 0.782244371875 0.653661490625 0.79883034375 0.633537028125 0.828360821875 0.633459834375 0.862356253125 0.643612146875 0.8827766718750001 0.695943496875 0.89241426875 0.75240524375 0.87962415 0.7492141250000001 0.787828765625
0 0.629277884375 0.608059625 0.587471996875 0.604225178125 0.5439161593749999 0.622483903125 0.5394126124999999 0.6595288874999999 0.550607175 0.6700929437500001 0.625404840625 0.666863228125 0.6557202156249999 0.64075545 0.65066335625 0.62204638125 0.629277884375 0.608059625
0 0.511747871875 0.5663181093749999 0.5201888343750001 0.591833978125 0.5779887875 0.58856566875 0.5974055500000001 0.571271996875 0.5892991375000001 0.548136578125 0.5457818999999999 0.5493975875 0.511747871875 0.5663181093749999
0 0.725100696875 0.478074040625 0.684259865625 0.49837866562500005 0.686936271875 0.517422284375 0.70731809375 0.524267684375 0.764448940625 0.51623846875 0.7892957125 0.503036603125 0.78085475 0.477520728125 0.725100696875 0.478074040625
0 0.548316740625 0.481072175 0.545563140625 0.4960239875 0.6383621749999999 0.499974225 0.702003875 0.469182734375 0.685379309375 0.454526875 0.622149353125 0.45370338749999994 0.548316740625 0.481072175
0 0.379266046875 0.5218229937500001 0.38874925625 0.537482503125 0.45811691562499995 0.5301609843749999 0.468680975 0.518966425 0.4591977625 0.503306909375 0.40377826250000004 0.506240675 0.379266046875 0.5218229937500001
0 0.22465245 0.492575640625 0.217472496875 0.5105770093750001 0.249087475 0.510988753125 0.27869515 0.497117784375 0.27430739375 0.48316962500000005 0.2406465125 0.485472884375 0.22465245 0.492575640625
0 0.27843779375 0.460741903125 0.27739554375000003 0.4705982625 0.306630071875 0.47134455624999994 0.3433791 0.4564699375 0.334564990625 0.44557132812500005 0.300904109375 0.447874590625 0.27843779375 0.460741903125
0 0.47939941875000003 0.439781 0.49059398125 0.45034505625000004 0.55962709375 0.4406430875 0.5681452499999999 0.432163528125 0.5562815875 0.416838565625 0.48691392499999997 0.42416008125 0.47939941875000003 0.439781
0 0.21424278125 0.43577934375 0.22238779062499997 0.441917046875 0.2747577375 0.43455693125000006 0.31660221875 0.4213936625 0.307788109375 0.410495053125 0.24794225937499997 0.41647836875 0.21424278125 0.43577934375
0 0.33159263125 0.40714954687500005 0.38057847499999997 0.39298262500000003 0.376525265625 0.381414915625 0.326201221875 0.386060028125 0.316306265625 0.40201549375 0.33159263125 0.40714954687500005
0 0.475757959375 0.39659830937499996 0.48152251562500004 0.40307056562500004 0.52675110625 0.39671409999999996 0.534934709375 0.385854090625 0.5213596968750001 0.375624584375 0.49517472500000004 0.37930464375 0.475757959375 0.39659830937499996