0 0.326923078125 0.6947115375 0.30528846249999997 0.716346153125 0.30769230625 0.747596153125 0.334134615625 0.76201923125 0.38701923125 0.766826921875 0.483173078125 0.759615384375 0.52644230625 0.740384615625 0.52644230625 0.721153846875 0.50480769375 0.685096153125 0.415865384375 0.677884615625 0.326923078125 0.6947115375
0 0.002403846875 0.62019230625 0 0.677884615625 0.076923078125 0.673076921875 0.13701923124999998 0.64423076875 0.15625 0.622596153125 0.1490384625 0.608173078125 0.079326921875 0.6009615375 0.002403846875 0.62019230625
0 0.091346153125 0.5625 0.08173076875 0.576923078125 0.13942307812500002 0.584134615625 0.1802884625 0.564903846875 0.1802884625 0.5552884625 0.165865384375 0.548076921875 0.134615384375 0.548076921875 0.091346153125 0.5625
0 0.14182692187499998 0.51923076875 0.127403846875 0.53125 0.127403846875 0.54326923125 0.197115384375 0.540865384375 0.23317307812500002 0.521634615625 0.22355769374999998 0.509615384375 0.19230769375 0.5072115375 0.14182692187499998 0.51923076875
0 0.377403846875 0.6009615375 0.38221153750000003 0.62980769375 0.4375 0.634615384375 0.485576921875 0.608173078125 0.46634615312500005 0.584134615625 0.41346153750000003 0.58173076875 0.377403846875 0.6009615375
0 0.610576921875 0.8173076937499999 0.5865384625 0.84375 0.58173076875 0.877403846875 0.58894230625 0.8990384625000001 0.639423078125 0.9158653843750001 0.697115384375 0.9110576937499999 0.70673076875 0.8197115374999999 0.69230769375 0.8076923062500001 0.64423076875 0.8052884625000001 0.610576921875 0.8173076937499999
0 0.52644230625 0.627403846875 0.516826921875 0.6634615375 0.52644230625 0.67548076875 0.6009615375 0.68269230625 0.634615384375 0.66105769375 0.6322115375 0.641826921875 0.61298076875 0.625 0.572115384375 0.615384615625 0.52644230625 0.627403846875
0 0.502403846875 0.56730769375 0.5072115375 0.59375 0.564903846875 0.59855769375 0.5865384625 0.584134615625 0.58173076875 0.560096153125 0.5384615375 0.5552884625 0.502403846875 0.56730769375
0 0.68269230625 0.5240384625 0.68269230625 0.54326923125 0.701923078125 0.552884615625 0.759615384375 0.552884615625 0.78605769375 0.54326923125 0.78125 0.516826921875 0.7259615375 0.509615384375 0.68269230625 0.5240384625
0 0.55048076875 0.48798076874999996 0.545673078125 0.502403846875 0.63701923125 0.51923076875 0.704326921875 0.49759615312500005 0.689903846875 0.48076923125000004 0.627403846875 0.47115384687499995 0.55048076875 0.48798076874999996
0 0.377403846875 0.50480769375 0.384615384375 0.521634615625 0.454326921875 0.5240384625 0.46634615312500005 0.514423078125 0.459134615625 0.49759615312500005 0.40384615312500005 0.49278846249999997 0.377403846875 0.50480769375
0 0.22836538437499998 0.454326921875 0.21875 0.47115384687499995 0.25 0.47596153750000003 0.28125 0.46634615312500005 0.278846153125 0.451923078125 0.24519230625000002 0.44951923125000004 0.22836538437499998 0.454326921875
0 0.28605769375 0.43028846249999997 0.283653846875 0.43990384687499995 0.3125 0.44471153750000003 0.35096153750000003 0.43509615312500005 0.34375 0.423076921875 0.310096153125 0.420673078125 0.28605769375 0.43028846249999997
0 0.48798076874999996 0.4375 0.49759615312500005 0.44951923125000004 0.56730769375 0.44951923125000004 0.576923078125 0.44230769375 0.56730769375 0.42548076874999996 0.49759615312500005 0.423076921875 0.48798076874999996 0.4375
0 0.2259615375 0.396634615625 0.23317307812500002 0.40384615312500005 0.28605769375 0.40384615312500005 0.329326921875 0.396634615625 0.322115384375 0.384615384375 0.26201923125 0.38221153750000003 0.2259615375 0.396634615625
0 0.33173076875 0.377403846875 0.346153846875 0.384615384375 0.396634615625 0.377403846875 0.39423076875 0.365384615625 0.34375 0.36298076875 0.33173076875 0.377403846875
0 0.490384615625 0.39423076875 0.49519230625 0.40144230625 0.540865384375 0.40144230625 0.55048076875 0.391826921875 0.5384615375 0.37980769375 0.51201923125 0.37980769375 0.490384615625 0.39423076875