0 0.36654330625 0.980767746875 0.399982259375 0.96816300625 0.49477896875000005 0.8895735312499999 0.515697090625 0.84833679375 0.512370646875 0.7955021875 0.494958946875 0.7621471375 0.4681430875 0.7409772968749999 0.4367300375 0.731908765625 0.371752171875 0.72823453125 0.230366375 0.754744553125 0.201776334375 0.769668871875 0.13088856875 0.840628378125 0.1162877125 0.968306490625 0.13091835624999998 0.9800721749999999 0.193492740625 0.98378835625 0.36654330625 0.980767746875
0 0.78882496875 0.65604076875 0.7979354562500001 0.6270311937499999 0.79456705625 0.5717931093749999 0.7363801 0.543958215625 0.6281395937500001 0.5410391375 0.561177775 0.561441659375 0.537772271875 0.597913390625 0.545863721875 0.6482606125 0.6045960625 0.7073407406250001 0.645706940625 0.721048425 0.70098698125 0.7200835062500001 0.78882496875 0.65604076875
0 0.97354514375 0.7706228687500001 0.9320147375 0.7328803875000001 0.9199973375000001 0.733090153125 0.862733346875 0.758131821875 0.86829545625 0.80131055625 0.9240369812499999 0.8267839218749999 0.9674254812499999 0.83323920625 0.9837464031250001 0.8041037781249999 0.983117109375 0.768051575 0.97354514375 0.7706228687500001
0 0.206691528125 0.50031129375 0.298317440625 0.51554144375 0.3560009625 0.514534575 0.401415365625 0.49931658749999996 0.454417784375 0.505604065625 0.48532739999999996 0.4858308375 0.522902071875 0.434686509375 0.5200790625 0.41069366250000006 0.46450535000000004 0.39483421875 0.286396109375 0.38351785625 0.2763626625 0.35965086562500004 0.22104067187499998 0.35821230000000004 0.216065896875 0.3486822875 0.22530224062499998 0.32688315625 0.179510259375 0.320469821875 0.10533800625 0.3409982 0.105673628125 0.360226040625 0.183004515625 0.38291835 0.1906344875 0.40682728749999997 0.17891075625 0.42386141562499996 0.17945614375000002 0.45510665625 0.206691528125 0.50031129375
0 0.669304590625 0.42010998125 0.71492875625 0.41690940000000004 0.7386698875000001 0.39966550624999997 0.743141221875 0.3803537625 0.733443396875 0.375714615625 0.65159921875 0.369930571875 0.638994478125 0.336491615625 0.583588578125 0.33024609374999997 0.5308798312499999 0.340782975 0.51675261875 0.35785905625000003 0.5311735 0.3576073375 0.550695009375 0.37409607500000003 0.622757459375 0.37043400625 0.628025903125 0.39678838125000004 0.669304590625 0.42010998125
0 0.941233459375 0.434597146875 0.914543459375 0.42063774687500005 0.864070378125 0.42151875937499994 0.8306733749999999 0.43652698125 0.83130266875 0.472579178125 0.875110696875 0.50306926875 0.8968678750000001 0.50990213125 0.92562573125 0.5045917375 0.9443081812499999 0.47301087500000005 0.941233459375 0.434597146875
0 1 0.517663875 0.9666527031250001 0.513492459375 0.9548450656249999 0.525719621875 0.9555582656249999 0.5665787843750001 0.97963501875 0.568562734375 0.99915653125 0.5850514718750001 1 0.5388284718749999 1 0.517663875
0 0.536579965625 0.2541318375 0.419145065625 0.275415371875 0.40763110312500006 0.30446689375 0.4512293625 0.32293958125 0.504105925 0.32201661875 0.592531253125 0.2916226 0.587094996875 0.25565430624999996 0.536579965625 0.2541318375
0 0.30998159687500004 0.219619728125 0.32178923125000003 0.20739256250000002 0.31432707187500003 0.19309754375 0.25424007187500003 0.194146365625 0.19427893125 0.20240562812500001 0.175512571875 0.229179534375 0.142073615625 0.24178427187499998 0.156746215625 0.255953434375 0.20966472500000002 0.257433953125 0.24774283125 0.23513138437499997 0.30998159687500004 0.219619728125
0 0.234161009375 0.283452703125 0.241623165625 0.297747725 0.272910359375 0.29960581875000003 0.311114325 0.284513690625 0.303652165625 0.27021866875 0.26275105 0.2685283875 0.234161009375 0.283452703125
0 0.302549228125 0.34476850312499996 0.31005333749999997 0.36146700625 0.34378596250000004 0.365686621875 0.37722491874999997 0.35308188125 0.37684734375 0.3314505625 0.33830775625 0.32731485 0.302549228125 0.34476850312499996
0 0.37723708125 0.21604156562500001 0.389632059375 0.237463121875 0.425684259375 0.23683382812499998 0.46861127812500003 0.2168508375 0.45625825625000005 0.19783276249999998 0.4009782125 0.198797678125 0.37723708125 0.21604156562500001
0 0.45617435000000006 0.193025803125 0.5043278531250001 0.196993703125 0.5281109374999999 0.18215329375 0.48231895937499997 0.175739959375 0.46077154374999996 0.180924496875 0.45617435000000006 0.193025803125
0 0.94615956875 0.99228841875 0.899864153125 0.9570333218749999 0.764975603125 0.942558325 0.695484446875 0.9557923625000001 0.6838026687500001 0.9752299656250001 0.684180246875 0.996861284375 0.94615956875 0.99228841875
0 0.479579853125 0.15655407187499998 0.469630309375 0.13749404375000002 0.36138980625 0.1345749625 0.25580449375000003 0.146034809375 0.24155142500000001 0.155900446875 0.24176119062499998 0.16791784999999998 0.24913944375 0.177405909375 0.29973838124999996 0.18373534062500002 0.42699696249999997 0.17430139375 0.479579853125 0.15655407187499998
0 0.5978118593749999 0.180936659375 0.57626444375 0.186121196875 0.5740707281249999 0.19818055 0.651443571875 0.22327633750000003 0.7232123500000001 0.202789909375 0.7156662875 0.183687928125 0.696354540625 0.179216590625 0.5978118593749999 0.180936659375
0 0.669400659375 0.287876628125 0.67205585625 0.30225555625 0.69625846875 0.311449946875 0.722654796875 0.30858498437500004 0.72940375625 0.282020846875 0.6885026437499999 0.280330565625 0.669400659375 0.287876628125
0 0.581880671875 0.09466309687499999 0.55561020625 0.1047385 0.5486934375 0.12168871562500001 0.5970147531250001 0.135270540625 0.659379375 0.126969325 0.66638005 0.114826065625 0.661279421875 0.09808560937500001 0.581880671875 0.09466309687499999
0 0.7582157281249999 0.142073615625 0.7483081375 0.12541706875 0.690624615625 0.1264239375 0.6690352500000001 0.129204990625 0.666883484375 0.143667825 0.707952409375 0.154972028125 0.703355215625 0.167073334375 0.7106495625 0.171754434375 0.74185285 0.168805565625 0.7582157281249999 0.142073615625
0 0.72634119375 0.106566803125 0.777107946875 0.122510153125 0.810630809375 0.11471236874999999 0.7935127750000001 0.09818168125 0.812572803125 0.0882321375 0.8194895750000001 0.071281921875 0.761806053125 0.072288790625 0.737519534375 0.0582874375 0.6918114625 0.056681062500000004 0.67987796875 0.061697787500000004 0.68240730625 0.068866275 0.725753853125 0.072918084375 0.757292765625 0.08919705624999999 0.757418625 0.09640749374999999 0.7286188124999999 0.099314409375 0.72634119375 0.106566803125
0 0.00376800625 0.720232446875 0.025357374999999998 0.717451390625 0.04176220625 0.69312291875 0.038981153125 0.67153355 0.0314770375 0.65483505 0.00229965625 0.636110646875 0.00376800625 0.720232446875
0 0.010751059375 0.43160507499999995 0.070544390625 0.41373189374999997 0.063082234375 0.399436871875 0.017332206250000003 0.39542701875 0.007970003125 0.410015709375 0.010751059375 0.43160507499999995