0 0.329326921875 0.5384615375 0.326923078125 0.5552884625 0.37019230625 0.560096153125 0.391826921875 0.548076921875 0.391826921875 0.53125 0.35096153750000003 0.52644230625 0.329326921875 0.5384615375
0 0.44230769375 0.576923078125 0.44951923125000004 0.596153846875 0.485576921875 0.591346153125 0.483173078125 0.564903846875 0.454326921875 0.5625 0.44230769375 0.576923078125
0 0.545673078125 0.76923076875 0.560096153125 0.7884615375 0.5865384625 0.80048076875 0.6177884625 0.790865384375 0.6177884625 0.75 0.552884615625 0.73798076875 0.545673078125 0.76923076875
0 0.41105769375 0.735576921875 0.40144230625 0.7572115375 0.40625 0.798076921875 0.45673076874999996 0.795673078125 0.48798076874999996 0.764423078125 0.47115384687499995 0.733173078125 0.43509615312500005 0.71875 0.41105769375 0.735576921875
0 0.1177884625 0.8076923062500001 0.08894230625 0.8389423062500001 0.08894230625 0.9014423062500001 0.10576923125 0.9302884625000001 0.15625 0.9302884625000001 0.1875 0.8990384625000001 0.19230769375 0.810096153125 0.1802884625 0.795673078125 0.16826923124999998 0.795673078125 0.1177884625 0.8076923062500001
0 0.1947115375 0.88701923125 0.185096153125 0.91826923125 0.19951923124999998 0.95673076875 0.22355769374999998 0.9735576937499999 0.25721153750000003 0.966346153125 0.278846153125 0.92548076875 0.27644230625 0.8822115374999999 0.266826921875 0.872596153125 0.23076923124999998 0.8701923062500001 0.1947115375 0.88701923125
0 0.326923078125 0.891826921875 0.326923078125 0.935096153125 0.353365384375 0.9615384625000001 0.375 0.96875 0.415865384375 0.9375 0.420673078125 0.8990384625000001 0.40384615312500005 0.875 0.360576921875 0.8653846156249999 0.326923078125 0.891826921875
0 0.5 1 0.46634615312500005 0.966346153125 0.41346153750000003 0.95673076875 0.38221153750000003 0.9759615374999999 0.377403846875 1 0.5 1
0 0.478365384375 0.8653846156249999 0.47596153750000003 0.92548076875 0.490384615625 0.939903846875 0.5240384625 0.9423076937499999 0.552884615625 0.9158653843750001 0.5552884625 0.8798076937499999 0.533653846875 0.846153846875 0.49759615312500005 0.8389423062500001 0.478365384375 0.8653846156249999
0 0.61298076875 0.9375 0.615384615625 0.9903846156249999 0.7259615375 0.985576921875 0.716346153125 0.9591346156249999 0.69230769375 0.935096153125 0.653846153125 0.9278846156249999 0.61298076875 0.9375
0 0.310096153125 0.7427884625 0.30528846249999997 0.764423078125 0.3125 0.783653846875 0.334134615625 0.783653846875 0.375 0.74519230625 0.377403846875 0.716346153125 0.358173078125 0.7115384625 0.310096153125 0.7427884625
0 1 0.83173076875 0.966346153125 0.8221153843750001 0.903846153125 0.75480769375 0.903846153125 0.721153846875 0.9302884625000001 0.6947115375 0.923076921875 0.65144230625 0.8701923062500001 0.62019230625 0.8221153843750001 0.615384615625 0.7884615375 0.62980769375 0.79326923125 0.653846153125 0.8076923062500001 0.6634615375 0.795673078125 0.673076921875 0.766826921875 0.673076921875 0.72355769375 0.634615384375 0.6947115375 0.62980769375 0.67548076875 0.64423076875 0.63701923125 0.65144230625 0.62980769375 0.673076921875 0.67548076875 0.7259615375 0.747596153125 0.7740384625 0.8076923062500001 0.795673078125 0.8822115374999999 0.79326923125 0.923076921875 0.858173078125 0.92548076875 0.96875 1 0.966346153125 1 0.83173076875