0 0.396709746875 0.22843935 0.3847081375 0.242929528125 0.39122698125 0.250519146875 0.47689400937500004 0.241273778125 0.452816421875 0.22335315625000002 0.41210710937500006 0.221647853125 0.396709746875 0.22843935
0 0.3255180375 0.3388036375 0.27247993125000003 0.34221921875 0.2572461625 0.3536953625 0.270283853125 0.3688746 0.295323153125 0.369563659375 0.341515234375 0.34918916875 0.334887328125 0.338476453125 0.3255180375 0.3388036375
0 0.61708639375 0.674144828125 0.6117126875000001 0.6993477218749999 0.626584578125 0.72228016875 0.64096569375 0.731158684375 0.6643343875000001 0.728779178125 0.66475079375 0.6959321375 0.642289284375 0.679518534375 0.61708639375 0.674144828125
0 0.799336359375 0.25190217812500004 0.76966694375 0.25293825625 0.74490029375 0.26005693750000003 0.7629498124999999 0.28444187187500003 0.7866456875 0.29143165625 0.828698425 0.2868362375 0.8279350000000001 0.2649745625 0.82314129375 0.26201505625 0.799336359375 0.25190217812500004
0 0.29228437500000004 0.685487165625 0.35140508125 0.677168815625 0.37428300000000003 0.660735375 0.38283433125 0.636984971875 0.381743721875 0.60575400625 0.37306349375000003 0.5810418875 0.3590095625 0.5815326625 0.325146275 0.596786265625 0.32385738124999996 0.6046485374999999 0.33700413125 0.622950871875 0.33420821875 0.6324292218750001 0.28349508437500004 0.65765195 0.28236978125 0.670198865625 0.29228437500000004 0.685487165625
0 0.5458451281250001 0.9174043 0.566725253125 0.88853300625 0.56467293125 0.874533603125 0.550128225 0.86097044375 0.52298206875 0.8447204312500001 0.505750509375 0.84375871875 0.49358530624999997 0.85356425 0.46341025625 0.929663703125 0.45965263125 0.9563736125 0.467787553125 0.9654702500000001 0.48334850625000003 0.963363396875 0.49669354375 0.942572496875 0.5458451281250001 0.9174043
0 0.673535109375 0.58931061875 0.701424853125 0.582082878125 0.6928536875 0.560493853125 0.66872156875 0.541011684375 0.590678853125 0.49996032812499996 0.525837421875 0.47877285625 0.540981965625 0.50951304375 0.5259117875 0.52567383125 0.51009801875 0.5653123718749999 0.539241965625 0.5940002375 0.5815673593749999 0.5972125593750001 0.629320984375 0.5767835375 0.673535109375 0.58931061875
0 0.1534850375 0.6059077125 0.22235675000000002 0.60819301875 0.242384221875 0.59967638125 0.241675328125 0.57937625625 0.223625809375 0.55499131875 0.173001903125 0.537997715625 0.14423966875 0.5202406875000001 0.0997182 0.5436837437500001 0.05470595625 0.55307286875 0.010620728125 0.5890083125000001 0.008697303125 0.62347143125 0.018359078125 0.67629141875 0.074465753125 0.671205225 0.1534850375 0.6059077125
0 0.392833175 0.47560020312500007 0.42001402499999996 0.44807233750000003 0.46034162500000003 0.438846803125 0.4705090375 0.41660341562500003 0.46840218437500003 0.40104246562499996 0.45100703124999997 0.39539610937499997 0.4136389375 0.399827934375 0.37578006875000003 0.390205828125 0.34148053749999996 0.392967046875 0.24584438749999998 0.38536256875 0.177736103125 0.404938940625 0.173324109375 0.41291027187499996 0.20342976875000002 0.424366578125 0.242924553125 0.480835128125 0.26522246875 0.4925640875 0.36058596875000004 0.492360825 0.392833175 0.47560020312500007
0 0.90146019375 0.272308871875 0.93053183125 0.2843224375 0.9681521406250001 0.29864323125 0.991367553125 0.3108613 0.9792344937499999 0.261775671875 0.952764421875 0.24967125625 0.9027893812500001 0.23578190000000002 0.8591989625 0.25554438749999997 0.86503828125 0.27358075312499996 0.90146019375 0.272308871875
0 0.7291434406249999 0.111558046875 0.76350909375 0.125992496875 0.8424648843749999 0.14929284062499998 0.85629066875 0.17226181875 0.89433799375 0.19959647187500001 0.98092721875 0.23565901875 0.971816071875 0.123929765625 0.939961103125 0.1068018875 0.885055578125 0.10090196874999999 0.830150059375 0.09500205 0.7752445406249999 0.08910213125000001 0.7291434406249999 0.111558046875
0 0.424180940625 0.031006184375000002 0.4165580125 0.0364838875 0.372331403125 0.038028315624999996 0.312586290625 0.042720415625 0.331796971875 0.07071285625 0.3557563625 0.0855107 0.391905621875 0.076431078125 0.438552025 0.06959064375 0.488178465625 0.0600403875 0.537229734375 0.060933234375 0.552202934375 0.042170081250000005 0.5414331375 0.032123153125 0.50670395 0.00727838125 0.44659530312499995 0.0015601624999999999 0.368911884375 0.014695940625 0.424180940625 0.031006184375000002