0 0 0.68365869375 0.09476039375 0.7196717875 0.13890096875 0.7752728375 0.234399921875 0.800550328125 0.24642290937500003 0.7773549625 0.2435393 0.748718340625 0.22093888750000001 0.7419204625 0.206802921875 0.714112565625 0.015228290624999998 0.6578302593750001 0.00041739375 0.6608443312500001 0 0.664837775 0 0.68365869375
0 0.4025984875 0.96241063125 0.406446646875 0.940586634375 0.40058121562500004 0.9198626875 0.37298170625 0.8784295406249999 0.305180471875 0.8580359062499999 0.276135396875 0.869791371875 0.2341078 0.8651935906249999 0.22862517499999999 0.8782909374999999 0.23977931875 0.9140115062499999 0.263533175 0.9322640312500001 0.36528288125 0.9670821437500001 0.4025984875 0.96241063125
0 0.09910712499999999 0.38008749062499997 0.08958493749999999 0.398098184375 0.10160541875 0.41990743124999996 0.20922306562499998 0.43044487499999995 0.21047471875 0.40535023125 0.170179796875 0.372929803125 0.09910712499999999 0.38008749062499997
0 0.475517090625 0.6208533187499999 0.481480734375 0.6050279749999999 0.4587495 0.57501865 0.41789837187499995 0.5525303781249999 0.337897346875 0.5375181062500001 0.3302992375 0.544616803125 0.33838478125 0.553795103125 0.35740000312500003 0.563262046875 0.391041421875 0.5875360781250001 0.41617779375 0.624454278125 0.475517090625 0.6208533187499999
0 0.8943399718749999 0.855033609375 0.84346511875 0.837624553125 0.604090653125 0.80948045625 0.57446885625 0.8155086 0.565331984375 0.8223359718750001 0.560426084375 0.841160640625 0.673523846875 0.88360535625 0.90626224375 0.91339215 0.8943399718749999 0.855033609375
0 0.4369698875 0.29058255625 0.410906634375 0.29442535 0.40802051562499997 0.31079334687500004 0.43129335312499995 0.33177387187499996 0.47437869062500004 0.339370978125 0.48861286875000004 0.330629584375 0.47447690312499996 0.302821684375 0.4369698875 0.29058255625
0 0.184134390625 0.20380859375 0.23856778437499998 0.21903230312500002 0.23837638125 0.20212165624999998 0.184905025 0.18144195000000002 0.176344875 0.193996646875 0.184134390625 0.20380859375
0 0.170577653125 0.13672340624999998 0.1758663625 0.15172002812500002 0.20567956562499998 0.162602534375 0.2117389125 0.155232509375 0.20375799374999998 0.128509915625 0.18221532499999998 0.12471136249999999 0.170577653125 0.13672340624999998
0 0.6423883625 0.43931601875000004 0.63950224375 0.4556840125 0.65594760625 0.461396590625 0.67681785 0.45101250000000004 0.67104811875 0.438743875 0.652582975 0.43548797187500005 0.6423883625 0.43931601875000004
0 0.779043559375 0.57311184375 0.77711948125 0.584023840625 0.783946953125 0.5992917906249999 0.8448250125 0.595962153125 0.8277072249999999 0.57606693125 0.78971919375 0.566555796875 0.779043559375 0.57311184375
0 0.919549815625 1 0.922896503125 0.981019990625 0.9140492468750001 0.9682087156250001 0.8448049531249999 0.9559990781250001 0.8214364125 0.9265632281249999 0.77719763125 0.907511475 0.7714279 0.89524285 0.685929646875 0.8942312812500001 0.634092753125 0.882278225 0.61004928125 0.8836643437499999 0.607067459375 0.891577015625 0.45098006249999995 0.8499905156249999 0.31672745625 0.74755930625 0.26585260312500003 0.73015025 0.254313140625 0.7056129999999999 0.21738285 0.69910119375 0.20930372187500002 0.70892789375 0.207475346875 0.7282952125000001 0.218438084375 0.7471051375 0.24315398125 0.7599016625 0.23690072187500003 0.79536565625 0.16467460625000002 0.791068690625 0.1811174625 0.841785884375 0.1919845 0.852140484375 0.262863259375 0.8730767687500001 0.31489406249999996 0.8569358593749999 0.35644064062499997 0.8642616406249999 0.396637353125 0.9332313593749999 0.525893371875 0.9560226843749999 0.62456555 0.9902981499999999 0.6753447 0.999251884375 0.6818850656250001 0.9891538593750001 0.7228620343750001 1 0.919549815625 1
0 0 0.54295751875 0.0469705875 0.5677915375 0.072071803125 0.56940474375 0.110251240625 0.5958265218750001 0.19334439375 0.6104780843750001 0.2054630875 0.595738040625 0.34953000312500004 0.6155152937499999 0.38473012500000003 0.604845125 0.38290425625 0.57920783125 0.3309716625 0.558799453125 0.32212440625 0.545988175 0.054475503125000005 0.5072329 0.04572395 0.50287695 0.04082055625 0.47669700312499996 0.0028325218749999997 0.46718587500000003 0 0.468249478125 0 0.54295751875
0 0.7008563062500001 0.539635609375 0.69864511875 0.5251816375 0.390892696875 0.47091658125 0.2401897125 0.452782028125 0.213645440625 0.45935282187500004 0.21172135937499997 0.47026481562500005 0.3648269375 0.519763990625 0.5189927625 0.5272578718750001 0.668733709375 0.5508484250000001 0.7008563062500001 0.539635609375
0 0.031686396875 0.276553190625 0.11844362187499999 0.279422840625 0.149027459375 0.267938696875 0.141237946875 0.25812674687500003 0.06631962500000001 0.2421038125 0.039005340625 0.23504538749999998 0.031686396875 0.276553190625
0 0.6002625562499999 0.471267528125 0.528711371875 0.43614859375000004 0.27856557187500003 0.40610522187500003 0.2445214 0.38322541875 0.1875872 0.37318638437499996 0.1773925875 0.37701443125 0.177007271875 0.388197753125 0.20239559375 0.415176928125 0.23067003125 0.42578810625 0.42397733750000005 0.45424776875 0.44994488749999995 0.441949653125 0.6002625562499999 0.471267528125