0 0.2427884625 0.704326921875 0.21394230625000002 0.747596153125 0.2115384625 0.8125 0.22836538437499998 0.875 0.21394230625000002 0.908653846875 0.25 0.985576921875 0.35096153750000003 0.98798076875 0.447115384375 0.9423076937499999 0.46394230625 0.9110576937499999 0.46153846249999997 0.8822115374999999 0.43509615312500005 0.8389423062500001 0.377403846875 0.810096153125 0.360576921875 0.752403846875 0.334134615625 0.72355769375 0.30769230625 0.69951923125 0.27644230625 0.689903846875 0.2427884625 0.704326921875
0 0.5 0.564903846875 0.502403846875 0.6177884625 0.5384615375 0.6490384625 0.545673078125 0.685096153125 0.56730769375 0.72355769375 0.596153846875 0.74519230625 0.65144230625 0.747596153125 0.677884615625 0.733173078125 0.71394230625 0.69951923125 0.704326921875 0.641826921875 0.728365384375 0.627403846875 0.764423078125 0.625 0.778846153125 0.608173078125 0.778846153125 0.584134615625 0.740384615625 0.5625 0.608173078125 0.56730769375 0.521634615625 0.54326923125 0.5 0.564903846875
0 0.533653846875 0.396634615625 0.516826921875 0.41826923125000004 0.5384615375 0.44471153750000003 0.584134615625 0.447115384375 0.57451923125 0.45673076874999996 0.533653846875 0.454326921875 0.51201923125 0.47115384687499995 0.54326923125 0.49759615312500005 0.677884615625 0.49759615312500005 0.778846153125 0.46394230625 0.764423078125 0.43509615312500005 0.728365384375 0.41346153750000003 0.6322115375 0.40384615312500005 0.61298076875 0.38701923125 0.572115384375 0.384615384375 0.533653846875 0.396634615625
0 0.125 0.389423078125 0.0552884625 0.37980769375 0.02644230625 0.40625 0.014423078124999999 0.423076921875 0.0240384625 0.451923078125 0.07211538437500001 0.459134615625 0.09855769375 0.478365384375 0.01201923125 0.49278846249999997 0.002403846875 0.50480769375 0 0.548076921875 0.057692306250000006 0.53125 0.165865384375 0.52644230625 0.1947115375 0.51201923125 0.20913461562500002 0.5240384625 0.23798076875000002 0.5240384625 0.298076921875 0.5 0.30769230625 0.46394230625 0.27403846249999997 0.43028846249999997 0.25480769375 0.389423078125 0.177884615625 0.372596153125 0.125 0.389423078125
0 0.35096153750000003 0.43028846249999997 0.33894230625 0.44471153750000003 0.346153846875 0.49519230625 0.37019230625 0.50480769375 0.41826923125000004 0.49759615312500005 0.41346153750000003 0.47355769375 0.43028846249999997 0.44951923125000004 0.427884615625 0.43028846249999997 0.375 0.42548076874999996 0.35096153750000003 0.43028846249999997
0 0.396634615625 0.283653846875 0.396634615625 0.295673078125 0.40865384687499995 0.30528846249999997 0.46153846249999997 0.314903846875 0.53605769375 0.310096153125 0.5240384625 0.28605769375 0.40865384687499995 0.27644230625 0.396634615625 0.283653846875
0 0.639423078125 0.3125 0.608173078125 0.334134615625 0.608173078125 0.346153846875 0.62980769375 0.358173078125 0.701923078125 0.34855769375 0.7427884625 0.33653846249999997 0.7572115375 0.31971153750000003 0.74519230625 0.302884615625 0.701923078125 0.30048076875 0.639423078125 0.3125
0 0.9615384625000001 0.560096153125 0.966346153125 0.5865384625 0.9471153843750001 0.591346153125 0.9471153843750001 0.610576921875 0.9302884625000001 0.627403846875 0.9302884625000001 0.641826921875 0.997596153125 0.646634615625 1 0.5552884625 0.9735576937499999 0.55048076875 0.9615384625000001 0.560096153125
0 1 0.454326921875 0.9759615374999999 0.43990384687499995 0.85576923125 0.423076921875 0.8365384625000001 0.43269230625 0.8798076937499999 0.48798076874999996 0.9278846156249999 0.485576921875 0.9471153843750001 0.502403846875 0.985576921875 0.5 1 0.490384615625 1 0.454326921875
0 0.84375 0.20673076875000002 0.846153846875 0.23076923124999998 0.903846153125 0.23317307812500002 0.966346153125 0.216346153125 0.9615384625000001 0.19951923124999998 0.875 0.197115384375 0.84375 0.20673076875000002
0 0.795673078125 0.3125 0.79326923125 0.329326921875 0.872596153125 0.33653846249999997 0.8846153843750001 0.31971153750000003 0.8798076937499999 0.298076921875 0.84375 0.290865384375 0.795673078125 0.3125