0 0.30077010625 0.969728796875 0.401171346875 0.9343567374999999 0.42117260625 0.905036821875 0.421797175 0.87609741875 0.400022584375 0.830301246875 0.345661565625 0.795582625 0.334957309375 0.736447471875 0.3116751 0.70499536875 0.28789034999999996 0.678324615625 0.257816621875 0.6654953906250001 0.22283951562499998 0.676321671875 0.189628515625 0.716338625 0.18045354062500002 0.78063565 0.190655253125 0.8445521625 0.172793403125 0.876514028125 0.200612915625 0.956784765625 0.30077010625 0.969728796875
0 0.62473184375 0.762069828125 0.652536921875 0.7504897374999999 0.69191486875 0.720789303125 0.688382646875 0.6624079593750001 0.713797046875 0.6505765968749999 0.749908484375 0.651954975 0.766011440625 0.636727853125 0.76852414375 0.612821078125 0.7325347343749999 0.587284653125 0.600544925 0.578246140625 0.5169932312500001 0.5452936312500001 0.49321570000000003 0.564548296875 0.49007843125 0.617394475 0.52267208125 0.652242340625 0.526075059375 0.6888563125 0.543570834375 0.729368590625 0.5699975312500001 0.75389993125 0.62473184375 0.762069828125
0 0.51496863125 0.472568221875 0.54328346875 0.5021321875 0.677161415625 0.516203328125 0.781087659375 0.49328719374999996 0.769758840625 0.46309144062499996 0.7361601062500001 0.43780628750000006 0.64153808125 0.41819276250000004 0.624171553125 0.399447859375 0.58378130625 0.392785584375 0.5442741125 0.400718646875 0.525277934375 0.420475853125 0.544030059375 0.4490347375 0.589201665625 0.456199553125 0.5786338718749999 0.46475718437499997 0.538243625 0.458094909375 0.51496863125 0.472568221875
0 0 0.495135459375 0.0568488 0.48484506562499996 0.164931834375 0.491370875 0.1951275875 0.48004205625 0.20821530312499997 0.493503065625 0.236903434375 0.496518309375 0.299183078125 0.478893290625 0.31251484375 0.44403820625 0.28256314374999997 0.40705093750000004 0.26770931875000004 0.36439925624999997 0.192966525 0.339623859375 0.138612725 0.35083065625 0.07028815625 0.33398110625 0.038836046875 0.357263315625 0.025123771875 0.37274170624999997 0.0316712375 0.402434921875 0.07873097812499999 0.414632359375 0.10301826875 0.43652175312499997 0.015446253125 0.4418200875 0.004627190625 0.452768396875 0 0.48140139375 0 0.495135459375
0 0.435947028125 0.44250893125 0.4355665125 0.42313224062500004 0.38347414375 0.412822934375 0.35906482500000003 0.41509158749999997 0.345603815625 0.42817930000000004 0.347499171875 0.479137340625 0.370400865625 0.49121275937500003 0.41896823124999993 0.48906613125 0.41669957812499997 0.464656815625 0.435947028125 0.44250893125
0 0.43252239374999996 0.26811870625 0.41981519375 0.27403438750000003 0.418558840625 0.285987778125 0.42950714999999995 0.296806840625 0.481096975 0.311897496875 0.555710521875 0.314905521875 0.5462698375 0.28974239687500003 0.43252239374999996 0.26811870625
0 0.77464778125 0.347585103125 0.764453284375 0.329594009375 0.7216723625 0.322680465625 0.658258390625 0.32810082500000004 0.624918146875 0.346350409375 0.623661796875 0.35830379687499997 0.64392154375 0.37251861875 0.7166469531249999 0.37049401875 0.758544825 0.362812228125 0.77464778125 0.347585103125
0 0.979542778125 0.6978442968749999 0.991481728125 0.60724981875 0.9656868187500001 0.5997044875 0.952728346875 0.608010846875 0.954745728125 0.63481084375 0.935117765625 0.637582034375 0.933107603125 0.656707453125 0.91461396875 0.6716833062500001 0.913106346875 0.6860273718750001 0.979542778125 0.6978442968749999
0 1 0.5053098281249999 0.979635928125 0.48998458749999996 0.861860940625 0.460686325 0.841730440625 0.468238871875 0.8789834187500001 0.527747325 0.927048240625 0.5303820531250001 0.94441476875 0.5491269625 0.9829168812500001 0.550756609375 0.998266028125 0.542701521875 1 0.526203884375 1 0.5053098281249999
0 0.872521884375 0.2442689875 0.872399859375 0.26842703437500004 0.92952485 0.276848203125 0.993441359375 0.266646484375 0.9904189000000001 0.249409203125 0.904605775 0.23797279062499999 0.872521884375 0.2442689875
0 0.8136524375 0.344433396875 0.809502865625 0.36091686875 0.887641415625 0.376380825 0.901353696875 0.36090243125 0.898833775 0.33888379375 0.863727421875 0.32794270625 0.8136524375 0.344433396875