0 0.32563509062499996 0.5143341312499999 0.32091278437500004 0.530662746875 0.36309181874999996 0.5414455625000001 0.386188640625 0.532554259375 0.38853049687499996 0.51589109375 0.3487319125 0.505442825 0.32563509062499996 0.5143341312499999
0 0.436628478125 0.58819251875 0.47300435937499996 0.588449875 0.474303965625 0.561930353125 0.446073090625 0.555535290625 0.432163528125 0.5681452499999999 0.436628478125 0.58819251875
0 0.507758909375 0.772967096875 0.5193652156249999 0.79401801875 0.5438774343749999 0.8096003375 0.5761615156250001 0.8044276874999999 0.581848878125 0.763960003125 0.519249425 0.743024871875 0.507758909375 0.772967096875
0 0.405283678125 0.707588271875 0.379137303125 0.720905928125 0.366604534375 0.74099179375 0.36567807812500003 0.782128578125 0.41600212187499996 0.7867736937500001 0.451297159375 0.760176978125 0.43898315625000006 0.72688924375 0.405283678125 0.707588271875
0 0.15214509062499998 0.764255825 0.142250134375 0.7483003625 0.13034787187500002 0.7466276093750001 0.07868562500000001 0.7515043 0.045771040624999995 0.77843556875 0.037072721875 0.840327321875 0.049721278125000004 0.87123460625 0.099710771875 0.8782601718749999 0.135005809375 0.851663453125 0.15214509062499998 0.764255825
0 0.22542439062500003 0.8473786625 0.217240784375 0.836518653125 0.18186855625 0.8291199406249999 0.14381991875 0.84076484375 0.12994895 0.87037251875 0.13887885312499998 0.9104670562500001 0.16034151875 0.9304757312499999 0.19467149687500002 0.92801808125 0.22178292812499997 0.890561353125 0.22542439062500003 0.8473786625
0 0.352592003125 0.857968496875 0.31108206875 0.8424247749999999 0.27407568437499996 0.8639260375 0.26805376875000003 0.906774175 0.290558684375 0.93663920625 0.3109791 0.9467915187499999 0.35579594375 0.92153300625 0.3659096625 0.8841148750000001 0.352592003125 0.857968496875
0 0.40177083125 0.95712399375 0.3507390875 0.9402420687499999 0.317116803125 0.954936528125 0.30901039375 0.978071946875 0.43041345 0.9951340343749999 0.40177083125 0.95712399375
0 0.48515102499999996 0.8474688125000001 0.450447896875 0.83530919375 0.427724221875 0.8588177625 0.41698 0.9179945125 0.42925540937499995 0.93428453125 0.46224718749999993 0.94134869375 0.49449267187499996 0.919178328125 0.501891384375 0.883806096875 0.48515102499999996 0.8474688125000001
0 0.6535727875 1 0.6503415 0.984775915625 0.6298824875 0.9576258843750001 0.592798903125 0.9451317187500001 0.550993015625 0.9489661625 0.546171203125 1 0.6535727875 1
0 0.330112865625 0.68974129375 0.2781546625 0.713996153125 0.270382803125 0.734751121875 0.274847753125 0.754798390625 0.296271821875 0.757809346875 0.34209231875 0.725409475 0.348487378125 0.6971786 0.330112865625 0.68974129375
0 0.93464336875 1 0.9489660343749999 0.8980889375000001 0.91697790625 0.88388341875 0.8644535718749999 0.8085324437500001 0.869137284375 0.775206115625 0.899002315625 0.752701196875 0.897882871875 0.7088494062499999 0.849862084375 0.670543415625 0.80292214375 0.659091496875 0.767588509375 0.6686905000000001 0.7690039093750001 0.693164121875 0.781948415625 0.704693234375 0.76870795625 0.7125422875 0.740142528125 0.7085276781250001 0.70264720625 0.664418534375 0.674750878125 0.655643021875 0.653699959375 0.667249328125 0.614609075 0.669037871875 0.6044567625 0.6894582875 0.642325234375 0.748184696875 0.70704778125 0.8058302625 0.763548128125 0.8356180999999999 0.83767669375 0.84360871875 0.8691115093749999 0.913568290625 0.85887455 1 0.93464336875 1