0 0.0359375 0.745152353125 0.0375 0.76731301875 0.1390625 0.7867036 0.1921875 0.8337950125000001 0.290625 0.8421052625 0.2984375 0.8171745156249999 0.290625 0.789473684375 0.2671875 0.7867036 0.2484375 0.761772853125 0.05 0.7396121875 0.0359375 0.745152353125
0 0.34375 0.9030470906250001 0.3015625 0.9058171749999999 0.2984375 0.919667590625 0.315625 0.9529085875 0.3421875 0.9667590031250001 0.4484375 0.9833795000000001 0.484375 0.97229916875 0.484375 0.950138503125 0.475 0.930747921875 0.440625 0.894736840625 0.3703125 0.8864265937500001 0.34375 0.9030470906250001
0 0.084375 0.451523546875 0.078125 0.470914128125 0.09375 0.490304709375 0.2015625 0.48199445937499996 0.1984375 0.4570637125 0.153125 0.4321329625 0.084375 0.451523546875
0 0.346875 0.5650969531250001 0.340625 0.573407203125 0.35018150000000003 0.581042021875 0.37055175625 0.587063184375 0.40789722812500007 0.6051266656250001 0.4390625 0.6371191125 0.496875 0.6232686968750001 0.5 0.6066482 0.472403040625 0.581042021875 0.42826748437499995 0.5659891218750001 0.346875 0.5650969531250001
0 0.65625 0.7867036 0.628125 0.7977839343750001 0.6203125 0.8060941843749999 0.61875 0.825484765625 0.7375 0.847645428125 0.971875 0.836565096875 0.95 0.781163434375 0.896875 0.772853184375 0.65625 0.7867036
0 0.3765625 0.313019390625 0.3765625 0.329639890625 0.403125 0.3462603875 0.446875 0.3462603875 0.459375 0.33518005624999997 0.440625 0.31024930624999997 0.4015625 0.304709140625 0.3765625 0.313019390625
0 0.128125 0.254847646875 0.1375 0.26315789375 0.19375 0.2686980625 0.190625 0.2520775625 0.134375 0.24099723125 0.128125 0.254847646875
0 0.1125 0.199445984375 0.1203125 0.2132964 0.1515625 0.21883656562499998 0.15625 0.210526315625 0.14375 0.18559556875 0.121875 0.18559556875 0.1125 0.199445984375
0 0.6296875 0.415512465625 0.6296875 0.4321329625 0.646875 0.434903046875 0.665625 0.42105263125 0.6578125 0.4099723 0.6390625 0.4099723 0.6296875 0.415512465625
0 0.7875 0.52354570625 0.7875 0.5346260375 0.796875 0.5484764531249999 0.85625 0.5346260375 0.8359375 0.518005540625 0.796875 0.51523545625 0.7875 0.52354570625
0 1 0.900277009375 0.9890625 0.889196675 0.91875 0.889196675 0.890625 0.8642659281249999 0.84375 0.853185596875 0.8359375 0.8421052625 0.7515625 0.8559556781250001 0.6984375 0.853185596875 0.675 0.8587257625 0.6734375 0.8670360125000001 0.5125 0.853185596875 0.3625 0.77562326875 0.309375 0.76731301875 0.29375 0.745152353125 0.25625 0.745152353125 0.25 0.7562326875000001 0.2515625 0.77562326875 0.265625 0.79224376875 0.2921875 0.800554015625 0.2921875 0.836565096875 0.2203125 0.8448753468750001 0.2453125 0.891966759375 0.2578125 0.900277009375 0.33125 0.90858725625 0.3796875 0.883656509375 0.421875 0.883656509375 0.4734375 0.9445983375000001 0.6046875 0.9445983375000001 0.7078125 0.9612188375 0.759375 0.9612188375 0.7640625 0.950138503125 0.8296875 0.9556786718750001 0.8515625 0.9750692531249999 0.9390625 0.98891966875 0.9453125 1 0.9859375 1 0.9828125 0.9916897499999999 0.9984375 0.97229916875 0.990625 0.9445983375000001 1 0.9362880875 1 0.900277009375
0 0 0.58725761875 0.0140625 0.628808865625 0.065625 0.6454293625 0.090625 0.64265928125 0.1328125 0.6620498625 0.2171875 0.6620498625 0.2265625 0.6454293625 0.371875 0.639889196875 0.4046875 0.6232686968750001 0.3984375 0.59833795 0.34375 0.58725761875 0.3328125 0.576177284375 0.0625 0.584487534375 0.053125 0.58171745 0.04375 0.556786703125 0.0046875 0.554016621875 0 0.556786703125 0 0.58725761875
0 0.2359375 0.49861495937500006 0.2109375 0.5096952906250001 0.2109375 0.520775621875 0.3703125 0.5429362875 0.5234375 0.52354570625 0.675 0.520775621875 0.7046875 0.504155125 0.7 0.490304709375 0.3875 0.490304709375 0.2359375 0.49861495937500006
0 0 0.36126965312500003 0.0859375 0.349030471875 0.1140625 0.332409971875 0.1046875 0.324099721875 0.028125 0.321329640625 0 0.319121525 0 0.36126965312500003
0 0.1609375 0.434903046875 0.1625 0.44598337812500005 0.1921875 0.46814404375 0.221875 0.473684209375 0.4171875 0.46814404375 0.440625 0.451523546875 0.59375 0.454293628125 0.5171875 0.4321329625 0.265625 0.44598337812500005 0.228125 0.42936288125 0.1703125 0.42936288125 0.1609375 0.434903046875