0 0.353365384375 0.65625 0.326923078125 0.673076921875 0.329326921875 0.6875 0.35576923125 0.71394230625 0.38221153750000003 0.72355769375 0.483173078125 0.704326921875 0.49519230625 0.658653846875 0.483173078125 0.641826921875 0.43509615312500005 0.61298076875 0.38701923125 0.610576921875 0.353365384375 0.65625
0 0.68269230625 0.634615384375 0.591346153125 0.641826921875 0.58173076875 0.6634615375 0.610576921875 0.6875 0.65625 0.69951923125 0.78125 0.704326921875 0.78125 0.665865384375 0.759615384375 0.64423076875 0.7259615375 0.625 0.697115384375 0.622596153125 0.68269230625 0.634615384375
0 0.459134615625 0.560096153125 0.454326921875 0.59375 0.47355769375 0.608173078125 0.54326923125 0.603365384375 0.548076921875 0.58894230625 0.53605769375 0.564903846875 0.490384615625 0.54326923125 0.459134615625 0.560096153125
0 0.66826923125 0.8173076937499999 0.6350091812499999 0.8341346156249999 0.625 0.8966346156249999 0.646634615625 0.9375 0.716346153125 0.94951923125 0.778846153125 0.9278846156249999 0.78125 0.9134615374999999 0.738345371875 0.78125 0.6854756937500001 0.76923076875 0.66826923125 0.8173076937499999
0 0.59855769375 0.5240384625 0.603365384375 0.548076921875 0.641826921875 0.55048076875 0.653846153125 0.54326923125 0.641826921875 0.516826921875 0.610576921875 0.514423078125 0.59855769375 0.5240384625
0 0.34855769375 0.43509615312500005 0.33173076875 0.46153846249999997 0.389423078125 0.459134615625 0.39903846249999997 0.447115384375 0.396634615625 0.43028846249999997 0.375 0.423076921875 0.34855769375 0.43509615312500005
0 0.002412909375 0.47887607499999996 0.00968229375 0.5017291625 0.037721343750000004 0.494457725 0.08413461562499999 0.46634615312500005 0.09855769375 0.46875 0.10937669375 0.45290665625 0.10817307812500002 0.43990384687499995 0.08413461562499999 0.43990384687499995 0.002412909375 0.47887607499999996
0 0.5865384625 0.360576921875 0.603365384375 0.38221153750000003 0.65144230625 0.377403846875 0.639423078125 0.358173078125 0.596153846875 0.35576923125 0.5865384625 0.360576921875
0 0.615384615625 0.310096153125 0.6875 0.33173076875 0.71875 0.31730769375 0.69951923125 0.30048076875 0.641826921875 0.298076921875 0.615384615625 0.310096153125
0 0.716346153125 0.44951923125000004 0.749082428125 0.45394543125000003 0.758428778125 0.447712771875 0.747596153125 0.427884615625 0.709620059375 0.43005356875 0.716346153125 0.44951923125000004
0 0.658653846875 0.37980769375 0.65625 0.37980769375 0.65625 0.391826921875 0.66105769375 0.39423076875 0.66105769375 0.396634615625 0.665865384375 0.396634615625 0.665865384375 0.39903846249999997 0.685096153125 0.39903846249999997 0.685096153125 0.396634615625 0.689903846875 0.396634615625 0.689903846875 0.39423076875 0.69230769375 0.39423076875 0.69230769375 0.384615384375 0.68269230625 0.38221153750000003 0.68269230625 0.37980769375 0.673076921875 0.37980769375 0.673076921875 0.377403846875 0.658653846875 0.377403846875 0.658653846875 0.37980769375
0 0.51923076875 0.298076921875 0.51201923125 0.298076921875 0.509615384375 0.302884615625 0.50480769375 0.302884615625 0.50480769375 0.30528846249999997 0.502403846875 0.30528846249999997 0.502403846875 0.314903846875 0.5072115375 0.314903846875 0.5072115375 0.31730769375 0.53605769375 0.31730769375 0.53605769375 0.314903846875 0.54326923125 0.314903846875 0.54326923125 0.31730769375 0.545673078125 0.31730769375 0.545673078125 0.314903846875 0.552884615625 0.314903846875 0.5552884625 0.310096153125 0.5625 0.310096153125 0.5625 0.30769230625 0.56730769375 0.30769230625 0.56730769375 0.302884615625 0.564903846875 0.302884615625 0.564903846875 0.30048076875 0.55769230625 0.30048076875 0.55769230625 0.298076921875 0.545673078125 0.298076921875 0.545673078125 0.295673078125 0.51923076875 0.295673078125 0.51923076875 0.298076921875
0 0.564903846875 0.24038461562500002 0.560096153125 0.24038461562500002 0.560096153125 0.2427884625 0.55769230625 0.2427884625 0.55769230625 0.25480769375 0.560096153125 0.25480769375 0.560096153125 0.25721153750000003 0.564903846875 0.25721153750000003 0.564903846875 0.259615384375 0.576923078125 0.259615384375 0.576923078125 0.25721153750000003 0.59855769375 0.25721153750000003 0.6009615375 0.252403846875 0.603365384375 0.252403846875 0.603365384375 0.25 0.60576923125 0.25 0.60576923125 0.247596153125 0.608173078125 0.247596153125 0.608173078125 0.23798076875000002 0.564903846875 0.23798076875000002 0.564903846875 0.24038461562500002